10.933661145985022	24.57007737083651
14.040074783264215	100.0
14.277584658742573	18.440064210522607
14.5792278720262	2.680887946530127
18.366691074725264	5.8543964878944275
19.100380189386023	4.314360762018905
20.58575747839402	9.586762804256164
21.21777331842568	0.09074205551881898
21.263760778496547	1.0254062914407687
21.3386833711264	0.4616422291482147
21.423386808226596	3.3914384847766406
21.62822807058832	6.972036826140668
21.69426050451249	3.6069758623163164
21.968479301310126	0.020600437222575485
22.758644451627134	4.381405984518047
23.261696955832463	1.3249336823655693
23.843271296456617	4.464904347546775
24.57640578974622	0.8304120040056714
26.11121014804379	3.669661915406663
26.61895016519593	0.4643362392199063
27.00535099040975	0.03168024358656499
28.159204763699105	0.9037731164635252
28.296644181848432	6.262105000772798
28.783050735448008	1.5799604878417128
29.4013819497256	2.0113498185703813
29.668412861229672	0.1424475783687563
29.74466814897124	1.2873598786086713
29.8615594198812	2.3104458689655076
30.012167751202423	1.2025999657940751
30.01865586301171	0.011935381715384863
30.34110263918395	1.1088878051320714
30.419030082391483	1.0158020094390474
31.19956566030973	5.554987921651332
31.324828869174933	2.4490341450543895
31.75587856913693	0.6042317807199281
33.21436011556405	1.6431340738274798
33.460547470984935	0.006706349735054984
33.590000252473146	0.0768892703159704
33.829386171478355	6.9415044600767795
33.86731854146383	7.17485788771303
34.14119065588188	4.250905107450844
34.17881840789915	0.22454788252571312
34.49859635835273	1.1035745380934743
34.52369382665622	0.20158292730956257
35.19823026527807	0.7109086869067711
35.231356261393024	0.04140362131514861
35.31085133333917	0.7234185584800624
35.63221328528713	0.7035790227768529
35.69909477407035	1.222181303941425
35.69978411641038	0.3690418349985386
36.14506974998806	0.0486690366456468
37.2277105885415	0.1318191917754512
37.29479625770918	0.008961257235890412
37.362467029703424	0.06337319689981037
38.215793059372366	0.9064422059079702
38.482951458621244	0.35969456692147067
38.75892588581911	1.6516804616243432
38.82185848326993	0.0031628542043654535
38.91443954852909	0.09059848018682375
39.033937074157905	4.629287287602388
39.29637861380654	1.4606783360704354
39.561844051670356	0.29986163094409446
39.8594379524626	0.03301378155410645
39.88036106650234	1.9719392226605996
39.91012360493125	0.28692217608217685
39.91267452640209	0.44204064476709753
40.183554405751096	0.5822215070204059
40.49485715008898	0.16520501885877406
40.5998472355972	2.379898883516088
40.694019217459896	0.018375720841281053
40.984773170810016	0.06258426268993207
41.106666929841886	0.7187992218429655
41.20544339409244	0.24129882647213827
41.20727522785275	0.20269395204683469
41.546566306291695	2.1606602133456847
41.83063206182791	0.37356258952317906
41.87628780530249	0.4385785226830893
42.013038827152265	0.16855805542606456
42.1676145137068	0.3284276414986234
42.302978886897876	0.3534481663633971
42.42660238269603	0.4213159403054715
42.90376514182519	1.7786703906474892
43.01824278012248	0.026679871639262158
43.21023622617437	2.418884821723902
43.30748301492206	0.12047288946338805
43.46597164279599	0.1933463247056756
43.645232104894205	0.2391402299945844
43.77927047663465	0.005810368995763118
43.85730952450339	0.9004230715015743
43.945774147406276	0.4755587356944478
44.07910562561895	0.046064675163406704
44.219078650972826	0.14474693147998688
44.51655492742497	0.21393037236016943
44.74844895981147	0.5971098678137026
44.800937959425546	0.23805808720930394
45.18765750284959	1.443474062908367
45.46131972378788	0.05889342681091852
45.82725159794542	0.5135101509167904
46.482944877818525	2.220586160707223
47.0850440864438	3.106032147780904
47.322025477349435	0.007369894490587624
47.48094997142839	0.048026989140444364
47.55808593615224	0.34654540923511323
47.55865141645235	1.0162820003099438
47.69227418568192	1.2777460786222872
47.83111989256571	2.1326500071952967
48.2790219970857	1.1658393175962476
48.28337017635561	0.399837268743155
48.30459222131834	0.44395555153155697
48.3573709319992	0.1851283939646538
48.36822949227493	0.36185671634744987
48.435066809807964	1.1932855493816805
48.45514362646356	0.4604212885425877
48.53544323852721	0.24530214203526607
48.67136272372705	0.07945179333276155
48.75571583126906	0.10913722177208299
48.80539912660912	0.02153462211533465
48.898745088967374	0.6184296737461573
48.98010050344723	0.21681362691958767
49.23162942716351	0.8067920082040037
49.87492723222011	1.0397436612429813
49.88503017625925	0.6532632708805456
50.05960165249099	0.846919712576869
50.12526814981289	0.021097097681811502
50.37837098972524	1.0097186412494996
50.38469266386721	0.8588599886011654
50.513258616271614	0.6939123751760577
50.73822469900496	0.11994497302355157
50.740822310827006	0.5600395893997084
50.83259816519745	0.0445692361236216
50.90435107401926	0.13630945920095464
51.153098936750645	0.9090610604908209
51.202654563010455	2.392442053316695
51.42593845878364	0.02031547812453035
51.45240817444025	0.00263936381267766
51.52511023713279	1.0920400071770087
51.6065413782567	1.7126120973636132
51.69977338179086	0.7998611204272102
51.93132815533088	0.8990947810802311
51.947852094598936	0.15375210582143006
52.18842078720839	0.27444185352835837
52.32609579482675	0.8000299536621363
52.48199100860126	0.9584056338436953
52.68095251957241	0.2510171228249118
53.45554241544663	0.9376935313265489
53.49144917858954	1.3893776434060807
53.514176081882795	0.4493180169527079
53.602567699010436	0.2515257617612605
53.717575592656544	0.01508173744536004
53.94904056608129	0.16311843629543696
54.19990651844918	1.0134963919095792
54.204404284639224	1.724868092816957
54.43848753594089	0.014783851225110176
54.661913025319706	0.19393011480854977
54.6778602795525	0.3132251488764726
54.8052422079107	0.055061129436861936
54.8285982836796	0.004786907823742737
54.84646801408369	0.2697787299877464
54.97358608933989	0.003968646088240375
55.37202211707765	0.049218589908544844
55.44653758589934	0.02155670158807886
55.677078844106056	0.022962239731707173
55.69724690807476	0.536575334271017
55.71840510997469	0.01673398388986979
55.92907782057763	0.002515917260943279
56.027089431860226	0.44284726847845934
56.048164947184375	0.8144718713922504
56.134801173868475	0.17466112060084646
56.17199806529825	0.07002759973856144
56.49806759463934	1.0513102513613077
56.651898387849556	0.5044142111466652
56.72968288578967	0.012890099297131244
56.85978261045406	0.004065762080753011
56.894234732314644	0.19262652426505528
56.998953393188415	0.8108759187864557
57.14076018517149	0.15570358966395165
57.21186128257205	0.22115997470974114
57.21618516609918	0.3362384758272899
57.4820421031838	0.04705423904940366
57.76107096078057	0.17478580872458516
57.93046540815149	0.1770790242742961
58.014339367835674	0.2603988836406083
58.17180672337103	0.0032236411308375797
58.18326589919981	0.9004840305289238
58.22676237593384	0.3091807257207081
58.37243391710844	0.07860993624033574
58.44064045616165	0.028591239737715077
58.52880503949744	1.0093030010805917
58.53212102405667	0.06164776213339634
58.58163518099129	0.015696512213317505
58.62780259562244	0.5172661146841228
58.78519511068258	0.015909889944099403
58.8084507101546	0.048817404648017426
59.02097735200209	0.12755277742887683
59.03615106898249	0.030867775107936504
59.04325175290145	0.10442253442684456
59.08114493382259	0.17201139635978102
59.572887596662184	0.006133566889449088
59.615752124263715	0.005019289819175821
59.700461608607235	0.25026048512792914
59.890398945088386	0.011680615916180201
59.95657721185586	0.0051579516152620445
59.978638698147556	0.09739217556697737
60.31405282721347	0.2273342482277284
60.42482723829817	0.30567157052295796
60.54199457393446	0.10691271069731505
60.632051601109836	0.016606388945676436
60.72522205542493	0.1512866500328583
60.817850295948936	0.03537651478362287
60.89045566212464	0.005676527228482084
61.000113877125465	0.08117050449191753
61.08975261120432	0.2090922324852721
61.117560850713915	0.22611147408991153
61.500605211707835	0.3241853752519223
61.60039698134567	0.23426405917477927
61.678432235795995	0.9872837252648893
61.713020102293	0.23112212616204791
61.77209385406237	0.11312817424284122
61.80893042421328	0.3061256122310554
62.03552720264701	0.08553663586067815
62.103545813103224	0.02239516848207467
62.3281011400355	0.0015711648121350225
62.375379462313646	0.5122535542686987
62.39003108260563	0.22374250906761065
62.45463944055627	0.371563893218031
62.500485533490256	0.04407347276786993
62.51512075674946	0.24201889888955672
62.52200423737079	0.35070211880517677
62.62451245506835	0.5352945726725941
62.63365358404854	0.012693303888172736
62.81148842918246	0.006428852913822419
62.92606019951464	0.15234496743201206
63.023232981878635	0.09973305416480556
63.02639250800316	0.8628802279973017
63.03598054228039	0.28896888125538267
63.092044877737585	0.2934381726687404
63.11934585623502	0.03240742585331657
63.295946857318725	0.0038677220124135746
63.305064446456434	0.3995568629609756
63.44320198093331	0.004190991876827011
63.78109131990555	0.30899873109883236
63.8603272423406	0.12528396397147526
63.934496523438064	0.25888343499913596
64.06516307827921	0.0035177589788448257
64.0759896551264	0.06831977858385715
64.28135881707924	0.54489073884368
64.3967400049797	0.033556026394980135
64.43277518830382	0.1631090433485118
64.61144295483652	0.0011457324627744713
64.73190962956437	0.03726563590401199
64.77321385664858	0.7675634574087302
64.81274049352686	0.0016325958898402485
64.82711692069492	0.9444619217451128
64.82890870349932	0.004441671517360762
64.95632298574445	0.3085030375177848
64.9648696563557	0.07121465848355851
65.07239677646632	0.3815055944678679
65.15708469706567	0.3993853572283997
65.35880123524807	0.10417980406355834
65.37894457099489	0.6817990652703759
65.67309399062495	0.30425250367040685
65.69492664321163	0.3108236314144816
65.81793267782142	0.07861194105776317
65.8655483577819	0.19684514070355888
65.88917189593892	0.2640380552190358
65.95813636429386	0.8844457396941525
66.13596779557939	0.006484022209603426
66.14528102436036	0.031973433346405636
66.34722493526375	0.018749531212282636
66.43592338698608	0.10261811070622101
66.48599395620884	0.15239874512199772
66.49838615376595	0.0020711268497501686
66.80461312603258	0.031560090443780005
66.96671214571768	0.03679325427945785
66.97204741974673	0.9639342692695396
67.05146053550553	0.13376914383676664
67.21419657913216	0.3726988064733559
67.31239932627716	0.2769490706777191
67.37227678690768	0.002067056779345683
67.47962879569612	0.26621301199458663
67.65938236549754	0.06972796239308085
67.78016816058324	0.2421573115739752
68.07518638094008	0.06663362329607445
68.13079998965914	0.046118586677431905
68.26731523556427	0.12172828234470544
68.2725763509626	0.0423441562380134
68.4216344666566	0.7103668004522146
68.50899997277065	0.26002349102119
68.91189217934384	0.043757359357000924
68.91492328488255	0.053632705748703824
68.92232767565699	0.05831282443793549
68.97111684035069	0.3005320643370463
69.03334667386127	0.042403175419893635
69.03503987740638	0.12295345353749972
69.11381473465029	0.020195661393849207
69.22290614146287	0.09392715108294195
69.3132402099937	0.44103554970384246
69.32538399241146	0.012332993401242514
69.35015435136746	0.4515225984951511
69.72611071197673	0.26204866370042734
69.8057837098171	0.15468479841710756
69.97539401516018	0.003019048267393408
70.00693075473028	0.12724436212903095
70.27432466316685	0.4836647307602013
70.30198137078017	0.06563920682172338
70.35589928136739	0.45869317723053404
70.50205551441933	0.005886301638230138
70.60546021065747	0.10465111249073523
70.85723880207885	0.2120889235564851
70.90196523061309	0.008052621353965412
70.97719759882588	0.18461451187841665
71.0429542018321	0.13165546772589445
71.16788966430317	0.13973534081013791
71.23699931273863	0.029230802902943432
71.24341378347634	0.00706467223573873
71.25715877640874	0.2863082471250416
71.28119676571637	0.4563955107685538
71.37550972847039	0.003310060464700082
71.46512338146444	0.5730289729527576
71.48695222529545	0.008565318729568063
71.5507510943254	0.5279957691420154
71.67236336851859	0.0029174992685149993
71.69120083615654	0.05524996981841053
71.72715839161766	0.06786375304115172
71.79174717115876	0.19461717745624899
71.88280785504614	0.0018806587646722904
71.89649629422155	0.030968758136522993
71.90290230828619	0.01128039558838224
71.95801839896745	0.2344953305824328
71.96314018097917	0.7352702778270042
72.0960119895927	0.07955909651448302
72.1437909013841	0.010244426139451585
72.34006115422058	0.20389264349853456
72.49685893051044	0.003985975851997168
72.53134379848213	0.1349695791526119
72.58542352785962	0.02945645758093636
72.65529693394163	0.01279315025448518
72.70678076259416	0.4689213828550373
72.7488791714991	0.038153665414208685
72.75609726382028	0.09008421053033863
72.80842632699621	0.3075675648071695
73.15386948684042	0.08294932477423334
73.15895242745047	0.02477460776483107
73.1788854097998	0.8001601295035081
73.3354697406971	0.051748959858549985
73.7721724470906	0.33231919093720214
73.7844659265045	0.12156640565734365
73.84367333914513	0.029119815082102173
73.84536645531044	0.048627760525017244
73.98405358363246	0.6113359140946442
74.13448499479975	0.2849233430114652
74.30674663117676	0.40709135770025745
74.32826325598764	0.1475136128308443
74.34175728268983	0.025598269753464617
74.41600201972406	0.05737506868516416
74.42950803416983	0.001451413131907334
74.43119182703704	0.3103549825564355
74.49531039214247	0.01645219032618695
74.53068214578087	0.015636048093832747
74.68577375130197	0.03152836484283714
74.71945610898231	0.3140727769212761
74.81250603572461	0.040654024595177134
75.0346731113705	0.14734749442184325
75.05613843503997	0.09891770497204705
75.09817342007439	0.09860275202651883
75.16375400887061	0.0020757313646080676
75.2516083224451	0.012066901409178278
75.33559408088077	0.0701831329913238
75.45777737098209	0.028765919271506762
75.45988403695279	0.07198949481016084
75.47453116708293	0.04352385216185526
75.47664817765306	0.03588300733590953
75.61886360912096	0.020712581608547748
75.62052466923298	0.20370753845914485
75.66455610189543	0.0021326958635614047
75.75011806806046	0.4676541759945004
75.8725031832394	0.41032277397792416
75.93952674393252	0.2491742772593535
76.10695229674683	0.30216514381704257
76.17185462052102	0.11750599814364533
76.24920343565726	0.16947602540465312
76.59152744120641	0.0664311829889688
76.69676688469555	0.08277893300935928
76.79023325466842	0.14595565036754224
76.83199241647705	0.18974889724944932
76.9358554288786	0.05838024858254679
77.09926500055157	0.23369784251004108
77.18933200166049	0.02614728023632641
77.19263138294772	0.3118640247514115
77.25762481886491	0.2957274958408788
77.30762469389836	0.09674803493009657
77.35215446132806	0.0878641260103118
77.60521528251302	0.04454816363945218
77.60892193990162	0.10517017784561693
77.72495300416136	0.2358251644791181
77.72499486349194	0.0015245119564733453
77.9132214388081	0.204319277304427
77.98429935815842	0.29555385778073595
78.18525608722881	0.3856610878639237
78.3516331151195	0.0879058256608707
78.449097459093	0.010902638423439883
78.53743485397744	0.20794478937752783
78.562275216447	0.00393325055839156
78.69616220511983	0.06320478778804817
78.75455697044404	0.021624356149887516
78.78105765153063	0.015184416359945906
78.9632446049806	0.14858990796534777
79.10063656001954	0.2803503245340165
79.21648353178469	0.11664754547495947
79.27230080006264	0.0685432531009112
79.28886082849134	0.17060169468467676
79.34180229673518	0.18489879260689163
79.35827607170818	0.018060103244268825
79.50707791986183	0.30725809438856316
79.51699861540098	0.13405940017795273
79.67396302220591	0.0031917846175326466
79.77967678894035	0.09226501174730357
79.97653497586552	0.0035976553103726568
79.97815795976962	0.04129116077121198
80.12463056192107	0.08527156359912691
80.16131140739806	0.03700423805383796
80.17451565428267	0.09371079685539288
80.24829114281435	0.005113163708547078
80.286223882439	0.02076647432875289
80.33942359931491	0.006000638040998533
80.39835159253484	0.02803111201576995
80.47457127373194	0.014729473499294106
80.51200102922739	0.07262819226729204
80.69857082644104	0.04917826624756256
80.86810549226686	0.2344137131614772
80.89402857969999	0.025213547635883286
80.90763527235201	0.06381984987008885
81.01956302126881	0.20279960919505552
81.03270642365587	0.0014295396583801619
81.03888868581178	0.1357752492065014
81.06683039450846	0.3867085358866739
81.13920357439166	0.027837899309475323
81.18565869474709	0.01904112239430551
81.38954910233004	0.03855545715158176
81.40227503223603	0.16687817726160348
81.43513183299962	0.12152372965925808
81.48981081173802	0.14674021063132356
81.51934574278569	0.2906433536399024
81.55183197679854	0.01898219960286406
81.62119184875945	0.02590220327087142
81.63227090298234	0.0010618797378220096
81.7440059454733	0.058846465236702394
81.79324532465054	0.07106704116579703
81.84783033058686	0.023742110529660757
81.8687678189476	0.0677615909536994
82.0004875292316	0.02507973002446753
82.05462318025565	0.024595497385923145
82.13175110049724	0.045949576388862295
82.30892645521692	0.0017462052000665035
82.31339334680239	0.26154968658735567
82.4318838659467	0.0074699667536504795
82.44170601758782	0.03794690681284038
82.46259534500523	0.1764995230628058
82.52816827156023	0.018208540666449998
82.53639401790271	0.07584873345068247
82.62815068898458	0.021117975579730275
82.71214053985271	0.09308911746054817
82.79400101300877	0.014015287261853807
83.02817033689414	0.06538285898326947
83.03803596178406	0.11919341444457103
83.078912226372	0.013463533754271988
83.08016349302795	0.02953331522457015
83.11822802131927	0.051354605560273645
83.11986607516097	0.07819342963236378
83.1308895521314	0.209555752140061
83.15707463352597	0.0074818952721916665
83.31588218886499	0.11238928121497235
83.3616624775447	0.0016738132850384658
83.5076692454205	0.1718939275790574
83.54980693099287	0.07355704621513506
83.65441650473882	0.005237935465505379
83.72676515969974	0.08720438095799644
83.73330052139161	0.13036068850185825
83.81463743646482	0.013802984089160834
83.83913277976575	0.15514742877982896
83.85227478124784	0.5546986320050074
83.86528915207386	0.006390194379249333
83.89143608756808	0.042587079213304284
83.91802897559066	0.001188654600375265
83.94906588018812	0.18035539068596476
84.05365232443795	0.15223303917172373
84.159463351513	0.07368769115122066
84.51869476578986	0.007021828734075328
84.86185596517737	0.010963902351624215
84.9495535080945	0.07990329191972499
84.96752095828433	0.19757524656538533
85.0882076882768	0.3958564264797543
85.0931357985049	0.054890582940997065
85.13102170528882	0.048050514131306406
85.19583680455914	0.20522867843013454
85.27410082731211	0.023054622450200686
85.32674135436552	0.022758123747232354
85.65885011137107	0.0034068458008153293
85.72933994413987	0.0012052519677502433
85.92770739953765	0.03904069401936501
85.95865679637375	0.04401274754229972
86.00589455511316	0.020804745116147952
86.01243951505151	0.08493174491120623
86.06291943192643	0.06054207145403451
86.09554032622458	0.07936598840103894
86.12972946021648	0.05147439093638984
86.18188583182075	0.18843541086166896
86.2079082403749	0.002580003081359908
86.29422727565719	0.11999185168007924
86.29912475483644	0.03567180530797422
86.35654830425037	0.041702336755810254
86.55844378136678	0.03347811613718565
86.57264777516055	0.0019624701668735185
86.68983690904977	0.07993358972467922
86.74233171697911	0.15296042094461065
86.75698979929545	0.32220202959886607
86.7814250595055	0.022224036971662472
86.79405797115767	0.009386118381078938
86.85141395827492	0.09552720630562236
86.89538266273568	0.06099343033362994
86.89821495176757	0.23044876885111637
86.95885854697913	0.037821244535965255
87.07108666146654	0.08871727363096513
87.18625793846186	0.029890062684881747
87.18663054061618	0.1811366619389027
87.2497173460282	0.09232432625339906
87.36031754775776	0.01410955781864744
87.38674038948503	0.03388080767931731
87.49855851478962	0.08263814103157588
87.60106816372384	0.013003056276578835
87.87428759035285	0.08188079810690492
88.0795505375009	0.014684464051142132
88.09911893941167	0.04367563241685901
88.11981074771911	0.039653169922831064
88.19784455639349	0.012538387219480612
88.24059204832761	0.011808504708080625
88.27466733206867	0.015310456114101235
88.38810493542825	0.08201818237853667
88.68719450644583	0.08306520533324388
88.72339199321571	0.002234565046133198
88.76364937874405	0.196032913799598
88.76566111726035	0.009609442167306791
88.8367844173223	0.003924293553117546
88.88061982543093	0.014164620696509925
88.92981938079498	0.19182530092856512
88.93792891644381	0.010791431582797011
89.09561410129673	0.08561532148743188
89.20083659687123	0.12615718607518947
89.26135467639897	0.022149336091283688
89.31949746024594	0.011666063608061909
89.33570942706315	0.012262837162514988
89.41697031669997	0.004056589292900196
89.44017976183432	0.0032245405281206233
89.4608784975404	0.009539939819143015
89.46570575957556	0.22664617687766225
89.51330181581194	0.10818107692319308
89.66401086989202	0.020984342514272787
89.6953138821642	0.1704226101959761
89.70832436685885	0.034838122035303766
89.74036899927854	0.05738539049964262
89.922415721789	0.022499604852170656
89.9435434345234	0.22043777317337973
89.97643711127321	0.18303967487923475
