10.137962543721013	14.529022021487563
14.584045171275946	100.0
15.093183233651962	15.626271550778469
15.848785320226158	0.1611379049905513
18.070399455378602	7.715206878842857
18.799883664612437	6.102386229631532
19.550590053175817	3.9181877059979775
20.356381070724886	1.2135351143703452
21.91067252341889	3.806248324069025
22.336796664335367	4.102941529149191
22.411821992370307	0.5158282804905685
22.560363843620884	2.4218597660479677
23.268467326088786	4.14132379768769
24.338039522582044	1.410074295230899
24.652518219455775	0.0016973330354892425
25.13137838642436	2.269801078845875
25.231518833960582	0.7997444725528662
26.8091111522526	0.2548276916208243
27.662592551538804	1.8987328192820427
27.66381910401288	1.4931014697495522
28.938037207217672	0.1417365577701557
28.963892261790967	2.8409153760455137
29.41126219134472	11.104248455339855
29.73642335792508	0.5662133324971889
30.111685146163083	1.0511695711521511
30.456474471546738	2.461499315834723
30.562032964210776	2.6260090955546334
30.74164747534617	2.4714094202697567
30.95801174900978	3.1566081285966314
31.049791221802884	3.1143124744048
32.0113363831282	2.7313895607831125
32.20292416384671	0.14028299543364736
32.336832436252266	0.4385352209596636
32.79670184030048	0.060355362754896225
33.29402103492376	5.196364896100944
34.00000480275847	3.286060086276607
34.306435028843204	0.08860942224745563
35.087454618819365	1.1255060152555365
35.24279764948118	0.06451581668831144
35.3129670015895	1.1814293460938883
35.46813095288161	0.3687887244319119
35.814027567070404	0.20626527451802984
35.87814238000277	0.741387174015952
36.00774848524295	0.7921921633651996
36.44478635216456	0.8530624361606022
36.610861565108934	1.356407260470877
36.78434170312981	0.31153486944171677
36.863218510422925	0.3408474475841055
37.07936433818726	3.2118167690639705
37.68513884434442	1.265858074375568
37.69460062160016	0.580607792886148
37.85964855849457	1.4815208008821172
38.131129950533676	0.5844661716097965
38.37648447579628	1.6627121331672179
38.38820778164814	0.2641098079622598
38.67274608362029	1.7843088463036696
39.04044474290584	0.04964078890465651
39.294536269697275	1.4977378886781798
39.701257249148384	0.5558768423667433
39.8507265465504	0.13759118542734536
39.86125847239716	1.1952002215830324
40.18924844142119	0.01205778450979326
40.592425745281105	0.03907004679382243
40.777946403634914	0.049449353526486835
40.84226996461509	0.3767042485838385
41.10313130924684	0.33222871160582507
41.21103468437679	0.8941395127327288
41.39330535520008	0.005612028943057795
41.650503309174056	1.5548557854395404
41.83798218809276	0.34329428903397324
42.14501521944537	0.8041960090957605
42.170387315837644	0.21778308460147663
42.29345512314717	0.26660298890745615
42.71536879381029	1.3017293958683787
42.72473510710475	0.7973263340031093
42.97026164013825	1.0207840927471425
43.004076120561045	1.0775833663005885
43.18866592797486	0.6010059565675675
43.25347353183654	0.15254355377941664
43.35018113613746	1.668060418377916
43.625918136653205	0.006001629380386033
44.53481423288632	0.029718206813165855
44.67820055516679	0.27189002482416313
44.763951480695354	1.6705121021769886
45.05082285917394	1.5431458928639554
45.117582159639056	0.828765870034824
45.52507524351541	1.56047425872386
45.58396013697063	1.09680739576087
45.743673641879774	0.014858711306616113
45.964754386880124	1.3153209108233725
46.06010508135168	0.687732703252522
46.40688182059621	0.14274182117425768
46.49763455541852	0.7967727426799103
46.80118530686822	0.05605104877376768
46.88828817667263	1.721868528064249
46.916889542589296	0.1609987602707534
46.97978774678412	0.23274435306101257
47.06531976166817	1.0298894054737187
47.25485593428248	0.6752787501808588
47.544279197993944	0.058432815412900505
47.548197159351176	1.676132194993029
47.572579314834954	0.02309427766611814
47.7432066138078	0.09633149115040439
47.80314155724677	1.5358878161118048
48.322157534129	2.304647401944599
48.768799997801814	0.3572387475151008
48.86219879874024	0.7657271443032572
48.99119752482202	1.059183219392628
49.117016316357116	0.9432207244117524
49.121629761057974	0.08354262765831455
49.567959952391625	0.0021209170651228706
49.63317799913151	0.09961588723004816
49.704047454064835	0.8559385284817841
49.87034413158584	0.009833887880179332
50.079914201449455	0.6672166792254893
50.184546366669444	0.7902128182047008
50.533040146171565	0.023991424175628683
50.54910799181119	0.42863870786572766
50.746246798924176	0.106393126108934
50.78865849998709	1.9156511076102
51.1875198417221	0.24888767492058989
51.19249455140294	0.06955495336942004
51.204165089227814	1.5557866502715914
51.353424812877456	1.1901870801331258
51.53478771865574	0.5522852555515757
51.585551235344646	0.8296032622770947
51.802743536936255	0.4760180051888798
51.80931999354183	0.004368212318526737
51.82655536281167	1.3146498036973027
51.927996701984156	0.12924833063067842
52.434406927484424	0.910535922542617
52.46349267396369	0.24079458145777813
52.686106144551175	0.4293600941906026
52.7389450275444	0.639270558123753
52.95517218847743	0.647734102417066
53.173248022367225	0.05904277093659559
53.28707749901497	0.40730563924763147
53.54000463242149	0.9090529193228738
53.560848127224496	0.7307141934749273
53.6537770459231	0.641782434086809
53.723842259276424	0.9531882646712925
53.76991178754442	0.1140502409016946
53.939247938110604	0.003869398139853379
54.34050090030333	1.5340889196054541
54.532578467345544	0.4786262502253177
54.62090748539626	0.8722847317277791
54.6872797224547	0.5751268779464669
54.701809142729424	0.48685749282179025
54.74164959476505	0.0026216523389107874
54.863016976915056	0.0059216118602766115
54.884059329355466	0.8284094234644108
54.94956995016551	0.06014216154336403
54.98575978750158	0.1246898536011949
55.0072976254793	0.54640493865309
55.24583875515324	0.0012281898731691702
55.25690789978955	0.029848094022394408
55.7257815046977	0.32206976916935226
55.7421155569999	0.275282427246238
55.82245418675292	0.003421813954738152
55.84769855781373	0.05627111227486139
56.1272365717496	0.5180733139597873
56.196270847812734	0.03894001165038736
56.214522117285384	0.029131697150261194
57.025131594365725	0.2684913073896961
57.12638806038177	0.0018379639779252395
57.129100132393	0.1521737776789038
57.47878068900899	0.008552123958104148
57.50664273189599	0.07330260060980928
57.71461929112528	0.372594458319343
57.80790723252793	0.3413703306820276
57.83510027992543	0.23229427620857732
57.987861688739265	0.25560841469982964
58.10595868332006	0.5871792014155328
58.11311059294482	0.8689817586805181
58.154969673006285	0.047495141542405
58.24301651045139	0.06521655810766215
58.28528140346583	0.9465799413584731
58.402079146982395	0.1461421774010852
58.67786130642314	0.01233493817684815
58.86002949547591	0.2822236790216444
59.03037068626166	0.020634005716444696
59.03236306911083	0.22454602734830834
59.18231705448556	0.6115765481879666
59.3787307959426	0.003448485486505345
59.41672568492316	0.002393163820509174
59.46032916556967	0.014510614885447954
59.62146217565384	0.2908781878135417
59.77545170702691	0.016216454848855963
59.81187055663087	0.40253176353221964
59.840413493018	0.07603858777984883
59.93606426816935	0.07967067951658174
59.96201845176235	0.28963773285386973
60.019829997284795	0.21912625366584199
60.22379162854905	0.17543516629114975
60.433661515971366	0.1148711253027691
60.715224878723426	0.06668463135288609
60.815620478065476	0.36371635130652347
60.854521760762985	0.1251166354923362
61.0158321982674	0.01735839310092454
61.02229801803522	0.5513088440586692
61.24158937611116	0.21504677901453198
61.278516009054734	0.030511786122568486
61.40617213907034	0.6617988497228251
61.59892791118554	0.2514813947731454
61.609266958683115	0.23859879314548604
61.668573166073145	0.4421184082228537
61.705791568800755	0.20512732369905792
61.75352388216932	0.10456859401660877
61.850737583976006	0.26439048001707055
61.85525840499983	0.00874511147444757
62.16163323534611	0.18615930335458247
62.25946939112899	0.30076841436509716
62.31428092057745	0.4256569448290436
62.60021267356225	0.11543925923116535
62.73400558312743	0.0766770097957022
62.84104436709416	1.1172360905228915
63.0822191285048	0.3135493708646775
63.1666498810842	0.1092252235182119
63.36327164907388	0.3872468865741432
63.38085226218975	0.008230086048332837
63.50040961361505	0.033734111226369136
63.52183498266189	0.5172998190725456
63.556331087108994	0.6285682868291176
63.57140648809142	0.12884052245506794
63.62037560969136	0.1063697931400344
63.692013259538875	0.46421455440679077
63.8122927995743	0.14282833822877233
63.91392564525289	0.013558545834626293
63.93959770321353	0.19631828973279156
63.94466882347563	0.03686154865850122
64.0285167433472	0.3573786162880213
64.10129290289645	0.18902830034878795
64.374231136774	0.005508981063832073
64.41168629537081	0.13946503688947967
64.50836488452161	0.19400862021522677
64.52114109410812	0.9347508218398313
64.55927332420578	0.28920215568132807
64.73043306018742	0.09373553696886323
64.75849864564378	0.07227345273983725
64.9056670988745	0.08034974390669494
64.99389789070501	0.025014495136419436
65.05618129679631	0.03271646812234949
65.22169923893692	0.10385200225784243
65.22596866826453	0.02037586192706011
65.92250452050605	0.013906127819252047
65.92805287489261	0.009400872988555133
66.09104508628373	0.15009988249354927
66.09466602118877	0.030298649942591543
66.14967224455415	0.12295550953599706
66.20135123733024	0.15714809083696168
66.2590978406564	0.42980423716124044
66.4108364737271	0.03887473438496573
66.55198542046085	0.29322312606023326
66.70648703966933	0.3216861927701259
66.8416797893478	0.02901419228539615
66.84587305808539	0.4626519767703713
66.86055383272027	0.34275244291229984
66.93513897151495	0.3194177860687353
67.20705294688862	0.2956245814801697
67.28568024578777	0.16516450452963993
67.37712513828244	0.0016208443269707853
67.50582785629284	0.24313147424402107
67.62276195340432	0.23989516683937714
67.65430539672526	0.1631779993019182
67.6865953683509	0.06189228695270973
67.83440117650298	0.1478187119567688
68.10916768067315	0.5035369324715924
68.2098552518326	0.2638792988066981
68.29763443507508	0.40756055871833363
68.62739882854872	0.3120343542668008
68.72706338028092	0.005116507109395412
68.7528831089612	0.25689498565430785
68.8513130411077	0.08465598502588645
68.90815129911945	0.48973181041074537
69.00443547525592	0.09923734967441206
69.16108453511711	0.01778791910929655
69.34631526968312	0.7229694807077565
69.36668602599552	0.05878163034653214
69.4040397745004	0.1256720536247029
69.51874921699496	0.28730190151187274
69.57778749852238	0.10158736801683793
69.59968269876263	0.1596772295788611
69.70921476107775	0.4593945239038769
69.76008681026967	0.05794077743814521
69.84228725246707	0.08949426346674705
69.91226894625238	0.0018349296161111347
69.9219528374463	0.007814564352863368
69.97892761516717	0.27912218583834664
70.14994457815591	0.19286729568891195
70.23357923554398	0.4280977631078139
70.32869414669705	0.06383212025779653
70.36885825963897	0.003986332253750214
70.43981799672036	0.005135436051722192
70.58173336457492	0.14539469544382239
70.69324868712913	0.00587701817923892
70.87814617485027	0.004485259022334249
71.05305440548256	0.04684816341332567
71.09175305406008	0.19514558587089947
71.1225855716358	0.12904254245196156
71.12813819440784	0.05212843249871499
71.29615101709199	0.06466845725675742
71.32458762966738	0.0036925481711457104
71.39284565658616	0.1270132641187214
71.56974159182536	0.09086542420110438
71.6681111674702	0.4108308033641139
71.7263298711676	0.032389722699548894
71.86345701403705	0.06189667966910373
71.87964578969307	0.10459860663525289
72.08902924968761	0.1306363019035116
72.12935968065008	0.11727366868123232
72.26630541783861	0.002282350509752489
72.29356867279652	0.2963725537002825
72.29893154018961	0.009608808713353201
72.34305426078949	0.24704713043291604
72.34921687510649	0.049973714455248126
72.40751461162833	0.5953206052667087
72.47779194872724	0.6549322643680487
72.55923007141378	0.0036811608440226926
72.75229280954015	0.5590858116672631
72.77834373338874	0.0029763715184058484
72.9983378106284	0.030834769388651297
73.03195542178423	0.3557490202151791
73.11014875091989	0.12921374883786502
73.127189453519	0.058923639805262884
73.133940696806	0.19420681594151323
73.25135088377702	0.15126942182516806
73.35073346353764	0.0011652007264045649
73.65407055508744	0.3431642788484283
73.68383571604598	0.06770372687571864
73.85259381763326	0.24591540850129673
73.88177772050499	0.014422034130809632
73.98384691710517	0.03224136100342535
74.01597370976292	0.005727649472567966
74.15103855780124	0.048320119537831746
74.24829554593775	0.11711039383419498
74.28045436627413	0.17221345241656782
74.28320724985531	0.012800394188356039
74.45617481599805	0.1878446183001963
74.52271071653793	0.0016833636405565423
74.52586767661695	0.051096813365442126
74.52980119418139	0.12843307560129263
74.68916404124523	0.02988955320054945
74.69084543357353	0.02773024622166555
74.86917949349328	0.13341052943584625
74.95196543682202	0.13168880894269872
75.27609592453132	0.2895921308642657
75.28835537612316	0.02556278361464693
75.43156961773612	0.013664844859035975
75.64944228822024	0.06440580725305392
75.81209458228676	0.23531784327868327
75.89602342816697	0.022540116548334408
75.90413368753025	0.34357522502720433
75.92291566401417	0.5049941458429116
75.98310767639069	0.08900997640936636
76.02180295530967	0.10501661591049569
76.05082416078342	0.08437767805035673
76.36416390885748	0.1475924552488633
76.41121992993645	0.009921345651057529
76.60849085312502	0.010989870708516165
76.68954391917877	0.0705958791930497
76.72425010852038	0.30171707055723473
76.8225040045559	0.0016206346235137674
76.91945994163291	0.6315896765661562
76.93162932573706	0.0525122668860692
76.9681221384742	0.006336416545444194
77.01025709515811	0.26529470360782437
77.03898539751337	0.02889754893571207
77.13412617809962	0.016925053194147822
77.16301339594702	0.008852699734369326
77.18378007622023	0.2779201019602358
77.23394413540755	0.23269747719819167
77.31483716662107	0.23761942904321132
77.42491898381195	0.014323868272824869
77.59505490529723	0.0010534633455532966
77.64227205182694	0.4154737886483485
77.82972195443739	0.4508518537555181
77.86688522160885	0.05529740634575753
77.89380829093061	0.010098092019315769
77.91614127393784	0.027595088891533177
77.94802896487101	0.05426372154669719
78.24182268682851	0.09103919977558951
78.25360266103779	0.03067557785421538
78.31240042069686	0.09569950336827138
78.36634195041697	0.16866605784063474
78.37689572483038	0.22803182883624032
78.38936487957967	0.07259580025367617
78.44668128800258	0.001273782915400127
78.453170567362	0.26026506022596024
78.47036817306623	0.004646060513996115
78.65979861917492	0.015867234218093954
78.70801116773112	0.15879654066693896
78.71323739088866	0.12150425178731963
78.78546881270256	0.08104059405348929
78.9006744131051	0.08515582207806616
78.93429410818436	0.01340067365308723
78.97691336875303	0.32398617070126084
79.02037291690242	0.009796619447437682
79.2468745200265	0.03212509280613564
79.32396507427346	0.0034381952239548844
79.41510530049464	0.03148351406874526
79.48823216040152	0.0019303825199563321
79.55019557060126	0.40218332558405057
79.57248018739813	0.06919350222426347
79.64844667131605	0.010246147439816295
79.68923855922779	0.028133177177661454
79.75079221798771	0.11417008817916148
79.83327841575004	0.017156251709508442
80.00802651379962	0.4802626148551096
80.01726154096143	0.03218084937489384
80.07333602691783	0.1033977795944477
80.23477452256128	0.08588661775074467
80.37326008184274	0.23032013611325897
80.44350451478567	0.05889351985250052
80.47206325713574	0.0635004595247569
80.51157094181205	0.06676457097196649
80.8268161175659	0.10291579296653042
80.90534017765052	0.007116106651409349
81.02568865417005	0.061746693995279836
81.07761145978886	0.060368749092484096
81.30470504867064	0.08997246238157093
81.423530041389	0.013730010507983347
81.4393427305659	0.008746877893638356
81.4689281222007	0.00447880364126222
81.4873868692308	0.10099340051540559
81.58172077801508	0.006581586301494105
81.59312551936847	0.09973373316500701
81.76767747242776	0.019076705544483243
81.87494078414383	0.21713557533569308
81.89048167361402	0.01526772446266555
82.09156074992129	0.05355057017313161
82.13203227005677	0.004785423639787852
82.22489244581338	0.14369340014998788
82.29959914451857	0.014359768281448087
82.31015855626042	0.27946251936381883
82.50314592035404	0.007382182085444299
82.53195546744669	0.033175423389006246
82.53778972682557	0.0056813565523701065
82.54362058997584	0.07818309801383624
82.66621769737283	0.18518751933308897
82.67395523052598	0.032181622528403814
82.70126287711777	0.11543667450680543
82.72943735149815	0.01909153541271819
82.85723638583157	0.016893555789012967
82.93987033125286	0.006449207208877044
82.9781354828294	0.20215525442588128
82.99364694386334	0.004921069988237459
83.03399156893065	0.15525840519470804
83.0741729183985	0.10588567903131613
83.08458926554765	0.22335022167008536
83.14517584530975	0.2573703034278189
83.68319251531233	0.05954775758552184
83.86876411837885	0.006042208169771445
84.00056601526805	0.058460801976918074
84.07917786664241	0.11370973430304943
84.16962183295679	0.007972811063289368
84.40445183007125	0.07480133119927951
84.40731998310629	0.034835204862338466
84.43663021715913	0.16230871674276423
84.44571797271311	0.11486169791810055
84.4717722707814	0.31755037776403466
84.51400613839158	0.010683951883663938
84.71201033952197	0.08866797323197867
84.73879968856161	0.26332283544742213
84.77452078157079	0.016948160927069713
85.08743126259048	0.03769136677807789
85.17436877530547	0.08019835089157015
85.18112329689215	0.14390436437559131
85.2561858482645	0.06637991072270641
85.48054482150197	0.20118483804719872
85.55269749357915	0.06987545529892432
85.56410465431782	0.0840761415014445
85.60587591397963	0.014224530786338611
85.68411055560064	0.07351398507101962
85.68990849328264	0.06366900877830049
85.89386371684446	0.013175522315610432
85.92209929259582	0.17414672081734506
85.92857639207512	0.06038379916202142
85.93627007360655	0.012124477106962659
85.96333563710395	0.028921939145181288
86.0897563276835	0.14040335361741577
86.13423993297579	0.008747459062991753
86.23877407183244	0.02866583006097438
86.27295195011227	0.09926721966182793
86.35711505952857	0.0915146208766016
86.48051580008817	0.00396253413113206
86.61114158173328	0.40052065097632283
86.78027545050767	0.017704165537846112
86.80877780969452	0.03977335420759574
86.81302965963512	0.01705148837561143
87.00621058977114	0.1763900564715705
87.02420565585074	0.004662158322730125
87.11062774673879	0.1537526285459885
87.15437012106693	0.01378438812101163
87.26191582068725	0.1374052031106776
87.30092315730542	0.15476608374212392
87.45918819376453	0.15000367539525974
87.49560953075003	0.22565350648596896
87.63756339978445	0.011042481841134603
87.65846552967763	0.012775828617195334
87.6940664249538	0.0010139308928257403
87.69577617537163	0.28639430705223057
87.74226485532856	0.00640500125790162
87.85495682826654	0.006418432083382832
87.89187688632101	0.06663609932982954
87.93948472421695	0.018478021955736914
88.03067226111506	0.12185061638321538
88.06113617883807	0.03994883247164009
88.07267578067768	0.03416010214488571
88.08914346427233	0.0010270554013581048
88.1302799686996	0.009956538263064023
88.26187374867588	0.2951028091845401
88.28509222863268	0.18035101388859592
88.33899044160087	0.11345014405406796
88.46058014114368	0.18029046637615104
88.50720991865126	0.08155816230040064
88.54443924615151	0.4245222381308839
88.5450599019596	0.21480619801666548
88.55355345905942	0.0541255710791785
88.70718086255775	0.0032269783561062193
88.71001147334368	0.03299378093156515
88.77518645453225	0.08869725399336746
88.83946486361617	0.07268940242976396
88.91145378138653	0.03324713330899576
88.93569994121403	0.02313896054933624
88.98131637417539	0.1519622617791321
89.02895057748492	0.03200546884903697
89.11294954744235	0.04681442026082708
89.13597514123438	0.027920893666698993
89.19153785274422	0.0036718666313130897
89.29681587236139	0.06937059458298711
89.34534321980796	0.013514417572256477
89.47561324773925	0.006850627208801203
89.7435680413773	0.30949228553637037
89.95683689308005	0.12358954377377575
