11.033743335197256	18.047043638079195
13.827591223875162	100.0
14.334985326767724	19.147500728670124
14.599852203946602	1.031028205094056
18.30458185682027	7.408813895469761
18.81884097579738	7.127950902506136
20.387492739057716	14.36024744315273
20.824002237314176	1.3103635672536282
20.949916464937893	0.021306961706132388
21.081523984459512	1.2284170598586934
21.42210037716554	4.493531614696137
21.60255104695414	8.43606604491005
21.962379650254217	5.554180293283504
22.171478262851842	0.03391642019124566
22.775773250385992	1.356429850983061
22.86264328053313	3.8131646533686285
24.019264434944358	5.616343753105286
24.661465664430295	0.6289689172670387
25.919596251504675	4.413187836628858
26.370109226970232	0.8785611561946787
27.192036701013468	0.0057150748682136725
27.644965861261532	0.575401657375376
27.86182587811123	8.252329858943162
28.90066429955395	1.4994304594396595
29.16854212898017	0.18535465295584616
29.443683484415104	1.7203568641357074
29.56226745279802	1.3465990755853452
29.811526011563206	2.616452997964217
29.84034981043805	0.7121898811226911
29.919608933032393	0.010995514849197242
29.944359431970412	1.2113060982293526
30.75476592359275	1.448129248225299
30.964437169419963	7.510274005860749
31.768888840109106	2.1769116891768467
32.14395874584432	0.8597229471791277
32.8204750075395	0.277518989843283
33.26330736532341	0.01494204587498613
33.359155209137555	7.676218215559832
33.526364988636544	2.1547426696058047
33.62351430847944	8.595844230162271
33.956126459279666	1.3801613641853394
34.026754031104176	4.569571379530873
34.286570999264825	0.3244110182612006
34.816798379228864	0.13308894273668098
34.832268772620736	0.02283885748071782
34.96151874046555	0.9115879232276063
35.68571656445507	0.6426881158461789
35.6876410839222	0.7855560864650319
35.846613200527194	0.25832972265586013
36.024630190258875	1.6780321075679752
36.13889355241203	0.07307570377887762
36.637868129857175	0.06585253475559122
36.8668544900847	0.06073944769503581
37.098334727695494	0.19643958590235452
38.05847990256455	0.4402657788142999
38.17070823993774	1.7202831546659643
38.46096185695773	1.1236032180136464
38.6229356820404	0.00835308205771044
38.65460844017955	0.48137269188103105
38.82028255040396	0.15391601671053753
38.92571895071787	5.0491274767127035
39.07150532311684	2.814235072096435
39.32868289221228	0.2977560626639946
39.40863275264498	1.5142942371500334
39.46702506826414	0.44563928311582107
39.80071003585231	0.011255314047383492
39.984707301361354	0.12389736997521819
40.04611644398597	0.7025673731536359
40.50774942637127	0.04620260876008865
40.61301931811838	2.3834025380977906
40.86199995366304	1.0053431519088538
41.02269383171516	0.18312095915504137
41.45878002952575	0.5646304756748975
41.49794979198269	0.21173101439254902
41.61120723619069	0.03904645155985878
41.616278747826435	0.4405799904335584
41.79667316534224	2.3477355054062947
41.91431265636324	0.43699671057681466
42.11504606698762	0.43406878161859824
42.338925256527105	0.012678567344619786
42.37858357389574	0.16085914924760036
42.40383239091611	0.001745165635163487
42.46575560505336	0.5414348201021684
42.611851647090106	0.22605519183004708
42.64431779300232	2.3828167893660637
42.922266930801484	0.10307361128313491
43.08628058976905	0.7820051216836851
43.38806511141854	1.7695882029912586
43.44311558052144	0.29459726050162893
43.64250894029253	0.21621836422672094
43.848532655158465	1.1236510084380023
43.963467388035156	0.00577203079377474
44.02469099110615	0.0678218306757931
44.78798497570969	0.23026720089115896
44.8148254776733	0.5412804223044402
45.23228784825525	0.22737849833103504
45.263285329034	0.1466514452423022
45.73265010575339	1.7100893904162866
46.2443468287657	0.4659684715013103
46.46733158571898	0.002169836727347397
46.519497061934835	0.30805263313749454
46.67130999905309	3.7239014063629274
46.704934614306666	2.536733188538777
46.88686293806323	0.0014781564311843578
47.33842752145886	2.3345365393428756
47.37062254603318	1.6434933859159517
47.39209940936673	1.1712524390989056
47.51662598953722	0.368581358750874
47.533369840086245	1.477103384803625
47.69277605606871	0.05701360482336114
47.75333151781142	0.5472657639181187
48.107264218658315	0.3648930074087243
48.13163523033792	0.26890899409855407
48.15818706890334	0.296708245574087
48.29719385629062	1.374201262049452
48.34809398717768	0.075781044871254
48.38576266178733	0.23232750580121178
48.667319398098904	0.5693400971619428
48.736842707749965	0.6810462218339938
48.85825239360996	0.6752631789980039
48.93115910138641	0.1345860776689047
48.93630125750813	1.4646859187359083
49.18380104817569	0.015765398716351655
49.411309304222	1.0855646214750267
49.694082823478475	0.0438676625153815
49.724098881285165	0.8829765727892562
50.163388940807174	1.1522025851779865
50.18205612416286	0.7861244573166277
50.399812507017124	1.048336137306287
50.470579920241846	0.8042961885564436
50.5684416838398	1.1285856512806993
50.59797751035187	0.0122594731197973
50.67190504633062	0.005419342848149681
50.85883422089024	0.16138036416965337
50.928071320216034	2.7497807737713824
51.196334571976834	1.2751306189180454
51.279745320512184	0.1075038550977737
51.32822275531561	0.872244922090719
51.36905209688858	0.762224201931546
51.40350319356323	0.014544278827701235
51.622569540251455	1.9985868964107
51.76065132289947	0.29446431065642603
51.798489302500876	0.3229415990399441
52.08076962521518	0.19682625106638338
52.424173244669106	1.0582520682726675
52.488632840103314	0.2413163600603109
52.70801057074109	0.9992637940515526
52.757398292029215	0.0012321086648261813
52.95798127082593	0.5237080491464337
53.23569560996452	0.019655214819247153
53.29941543399246	0.007683359027221826
53.81566231546699	1.5490847541616064
54.067470329267664	1.8158430941161818
54.08309504565665	0.0490249646789695
54.213631289508946	1.018253286467902
54.283545579009754	0.004105539179493714
54.54305995760792	0.17629359371076442
54.61411807940659	0.6529604143216273
54.65299657830768	0.020733903729585054
54.788221861097	0.3958289085539446
54.95798491718739	0.6097695389971132
54.99121670913564	0.9999547238706643
55.11672145974705	0.0028236529636770703
55.27822095399998	0.01667706706777566
55.29336113576897	0.048170399269251256
55.394173208875166	0.22662062917303516
55.428025931864276	0.29510416767380465
55.67978743457034	0.08616192129970959
55.70845595739491	0.9119715434784956
55.72758314547115	0.010892181817401786
56.087955458973475	0.027985471469884976
56.24116740051912	0.24566084651182082
56.36577378719349	0.5877933458588679
56.70962278150739	0.00440475725519111
56.85122010884001	0.1614865494437916
56.867237458662544	0.010866672935158549
56.89271785076024	1.0990226457923116
56.92958891022992	0.35851220868543654
57.00244224951566	0.23895644428560414
57.087416153073924	0.42353643461833196
57.10397758902545	0.8831447424301319
57.2393647773072	0.6411568915781223
57.37413695744989	0.26170394366020205
57.461514570776664	0.2154963402394717
57.491699113464584	0.986966458004248
57.522447096753076	0.36021975102469933
57.535621496954334	0.006895097010111409
57.567285727564986	0.08762290930013392
57.6374315327383	0.03188458350156201
57.94663287182747	0.19734741051445268
58.028908317521186	0.032962493017197975
58.111191628505885	0.07970418803980817
58.25646801661143	0.0394400492135515
58.31720905666328	0.22658595350393146
58.33424650054797	1.1755648543923158
58.650263807247704	0.0968432188383172
58.74223438959966	0.26034134333850606
58.835025682098205	0.10194974455837456
58.84305900070564	0.014293741074424727
59.11272035425384	0.03788265693946273
59.30602743623796	0.01823896524051028
59.49518774550945	0.04786300657911888
59.536467867713746	0.004860779963106927
59.586351146472055	0.11598810165156738
59.67833178048086	0.007978716243251508
59.690026436911936	0.16801502226409598
59.87847692334372	0.002914159149434275
60.03492174075593	0.18865811943814245
60.241630102058515	0.010633888536568587
60.35588083661896	0.013808471692196582
60.47790183193723	0.30563025078074796
60.584032972916305	0.004569567831679487
60.83893510132336	0.2366529350435772
60.946053812449236	0.21692971016434642
60.94640033946653	1.118568495458746
61.00616332177031	0.34538118355887193
61.008306554482154	0.23315909051914138
61.00970734602446	0.7077100003838672
61.0671561917038	0.35613981232798386
61.081474175973796	0.36309401974477856
61.0951079211652	0.0916787455450488
61.27887364851831	0.39109657264304404
61.36160395847023	0.11931951835800308
61.45289992385159	0.01853268264047969
61.650105942237026	0.0011144520718610173
61.78625622659066	0.038144260362703
61.83505180463349	0.004085187450915712
61.922733128263495	0.10737630707738599
61.970557095488346	0.41432565247900116
61.98770624456458	0.02022754447352732
62.07667923810223	0.8994776151868615
62.10212858951766	0.019553066938505576
62.15060668201197	0.3279564579599853
62.16645983350865	0.26048059538672563
62.2093827972642	0.23488316224949293
62.22230744897647	0.5976216379376208
62.310629375564055	0.34459571362555624
62.71650202486939	0.41548676585668454
62.798583913599224	0.13135730226121317
62.90124245288176	0.14016040765739501
63.17195180892624	0.01714544153286203
63.21770838185202	0.357472338120803
63.38034099258122	0.0010509737329058761
63.46362987515286	0.371057912300668
63.466197377282214	0.0032600794914432285
63.63612139723417	0.4631784563646019
63.98129619776479	0.1703103987285807
64.0107853783633	0.6047781395265378
64.05835468916251	0.03825925447525171
64.13688963172935	0.004553676943558334
64.27439049482778	0.3106001761355499
64.34152710980743	0.07506419291247829
64.3826224888636	0.004451910926716544
64.50432290535612	0.0918276175966644
64.53578713543023	0.5054259129393022
64.56355380503167	0.3992568697682932
64.86164048527684	0.26857542869345497
64.86190809006995	1.0221770134927548
64.87032110561852	0.8305909581566664
64.91155329578139	0.17454319427657594
64.91392710276448	0.479873633919881
64.96827856831645	0.04784780869619895
65.01002896787664	1.0593001623428617
65.04520350531142	0.03534039290578726
65.40959336951644	0.0016648587141943774
65.4970553548207	0.09510917462138209
65.66371237491232	0.305274549443265
65.78786972822105	0.8041301347028882
65.95638775485772	0.30052200794976025
66.02039327066417	0.33388330680032713
66.1063696283346	0.16336434067951014
66.17357946126022	0.006105737161075634
66.19314017565706	0.11562954160025164
66.3771281771198	0.12480388708437032
66.4567255269864	0.15094465139341978
66.57013798481266	0.3916966319721964
66.60401785037848	0.032505625471338215
66.63409981649595	0.35400940309574486
66.73052348446454	0.15081327788764193
66.7330238980268	0.04220114591820656
66.88461909210302	0.04795479633363817
67.03128098888735	0.06668649266987434
67.08707960413642	0.8983855808441897
67.17072756200467	1.1036283255979953
67.2409960382486	0.015600080073967274
67.44834100334931	0.08953211742299771
67.77560008732337	0.25900999101526934
67.80918151198951	0.0022992054702724433
67.8162236241144	0.06595206707428648
68.17466057915468	0.0683381796770807
68.23428030217616	0.1779278849771395
68.3147253440686	0.05405420940403136
68.35320706459868	0.08070166238601409
68.4174815589125	0.3019060017647545
68.48789982588909	0.15403172733628998
68.66479206156647	0.3415748837545351
68.74639831438581	0.5376224635856716
68.79726264930945	0.053176999288813434
68.80815495859468	0.09112573658434456
68.83803477148446	0.11655516622267323
68.8682217218271	0.023777448897020954
68.98257304033372	0.06402392266996465
69.22896685374587	0.020480769581925466
69.30580620901291	0.23044468380687358
69.65493890388717	0.5433180831819878
69.84047427370726	0.06691283888911338
69.92372957054833	0.20907319019983805
70.0646083120846	0.18738830869480622
70.14573494521811	0.008805318236243502
70.15562208602621	0.707600978383507
70.27748103656367	0.48531770451575224
70.32086000174407	0.012847125300576266
70.3990340777715	0.0045811090741147515
70.45622072448093	0.2650927626337439
70.51177319969476	0.04824329684442253
70.5565370160346	0.060874599748600274
70.62153365720563	0.0013285687618285222
70.67452206943356	0.13805520823784162
70.68410374130156	0.33596745898065655
70.72136481659693	0.15320264120858218
70.93153808258448	0.5174203482764228
70.99430093076688	0.08319586256012552
71.0023856217007	0.22058501342261058
71.06187375548902	0.0049241705812163245
71.1188383576249	0.5529284414845103
71.22351690842902	0.0033426041490266056
71.28965483867401	0.0034386771328217677
71.3229230653165	0.6394160142223739
71.46631718548329	0.043717005286019094
71.54917749551213	0.004274528147069877
71.55606168306373	0.06952850872166699
71.56067549473617	0.12842497679599038
71.61320621688165	0.0289341781964812
71.63281852050652	0.018683628647274398
71.64936979448753	0.1011770258436577
71.8833762100012	0.0260557759807533
72.05318125143341	0.016674500460438856
72.05801024101748	0.006781930633658043
72.1458696116782	0.8479854450303848
72.16884235138302	0.21365694705489802
72.38912205262613	0.027211000713656015
72.44666900613252	0.012527498928909822
72.45126898157046	0.04021413200652747
72.64793640477077	0.3552242827504574
72.818334691219	0.2376844261001906
72.84444722712492	0.45687617795073426
72.94975264333571	0.510520888387331
72.96533343738805	0.028727650286608068
73.0591224319108	0.8700185386440167
73.14797412948055	0.11833938129075879
73.27894530497053	0.16521930778274915
73.502651522736	0.04939257722747441
73.50525567348585	0.3404387064660811
73.54210732011809	0.022197081914676384
73.54666371125889	0.1283347423564831
73.60469234217668	0.003316344707769348
73.67013941853492	0.09267828847885526
73.83821856436941	0.051006520176167476
73.85027648767156	0.06513480979613274
73.95576952099384	0.1035972287778905
74.00923039575996	0.08459839606575104
74.04471306660957	0.32793195101907535
74.47347255262106	0.0577418468852756
74.5739643181696	0.0012118809684837954
74.70177104042777	0.17633475278152555
74.85294347421588	0.04012558784397792
74.91690527490982	0.09228754206457808
74.95779587123995	0.01298400238525848
75.02976420346945	0.30366266507704004
75.0575113223473	0.33956011370477607
75.32808291821748	0.6806776112856807
75.39340307992146	0.06006431035797521
75.40699461311999	0.08417375830206747
75.50525572971156	0.4415844436473644
75.58663013286005	0.03391019221869163
75.59126671418844	0.03619437128572348
75.80637929616611	0.019395594868687353
75.9211338418876	0.5521171776982589
75.93732859632001	0.2920787753298028
75.9746822547096	0.22111435153950898
76.0333831850031	0.3042158588605521
76.14188518888194	0.11923304443723215
76.21570250056702	0.14391862140474496
76.29414735529305	0.11795889459680323
76.40501872632544	0.02247306842871175
76.47768931589017	0.004399069014125123
76.51579198961802	0.03381937790603595
76.54807301120219	0.13425925114505574
76.68179405737118	0.09268526541261232
76.77906377770417	0.047069887977740206
76.87294902235843	0.33473392971118304
77.02870138054453	0.010696661507701218
77.18189721489644	0.0443666274032439
77.19590025803956	0.20050799345394615
77.25115059345946	0.06981886733264901
77.39588002082863	0.23199561843248298
77.5648715243779	0.18189695535993108
77.57855033179695	0.007223888969646447
77.61433062701049	0.36460577847456505
77.63428459476032	0.23992915354974323
77.89564027949768	0.005247552225019078
78.03877266146065	0.15690676982164126
78.05721420155537	0.43019840852261815
78.06200747627165	0.335602589524193
78.2024911387752	0.2591834780601221
78.22190892946801	0.2108959959102387
78.22827758259953	0.1609056027988343
78.29718558236455	0.01299664067638729
78.30853606052446	0.0752501919652588
78.38956641800488	0.07839139854138437
78.45558695331758	0.3475876759765953
78.60314843887751	0.14621691139483603
78.82960023464932	0.0027947659084088263
78.88694700140903	0.026882312307218867
79.00304184753044	0.2574004262496422
79.02353040435192	0.20528655995436415
79.1229748259759	0.4941561163579041
79.17382895124697	0.018072323183132705
79.19438616058214	0.005903068809153975
79.21399926808364	0.38564801536959536
79.3345626696473	0.0815089528138444
79.56512911152385	0.001149455350124236
79.619386275346	0.08110577441724012
79.68061184792582	0.29271005517218796
79.68259531482607	0.025976355402446395
79.83163455151983	0.0018664939636134962
79.97516375834171	0.006577209191910227
79.99769228018522	0.019194802878581538
80.05236817166751	0.058118949954085605
80.1005012948169	0.03487602764756719
80.10732233117281	0.09964606981939823
80.12682830656267	0.1800302623883235
80.16766605058763	0.012449172724701517
80.26076419739893	0.23051309332278358
80.27584484816633	0.10494283924965521
80.30439824804425	0.08096908705041678
80.42564451867197	0.1594622213449561
80.54347563224268	0.028057548105499937
80.58226015630405	0.04642678196965206
80.61135876670055	0.03154506594065924
80.7304127795245	0.019224490848080672
80.84793048992988	0.2816380634340418
81.02291206113205	0.0372066520953197
81.08529900771931	0.027540059502690933
81.21760110456754	0.2217107482075527
81.25225144334732	0.041465428884688425
81.26133842239997	0.16480693089576523
81.33825823503955	0.02863634967511897
81.38941897768842	0.014181856847774984
81.40043526769554	0.2146336425900387
81.41991980144749	0.11481293065726571
81.53969879752677	0.06102123690452185
81.68056893955892	0.015450086527249747
81.71568211498365	0.020092938199111756
81.72061406580121	0.06921957743095873
81.73823321912703	0.029217952390022017
81.75596577995424	0.01883546292223378
81.8353701614824	0.04782458845578277
81.92480601265434	0.0793011520717099
81.95028241149733	0.011410646590457076
82.12865925223434	0.0774959266097361
82.16426341778448	0.18175346259461347
82.18854945584577	0.21775269780615553
82.23752205765673	0.1724852024826397
82.26427012741166	0.019301421006351065
82.32706332246708	0.022391818783077663
82.40739317402787	0.08056415066564122
82.41239998295038	0.04360952396527794
82.46996183250475	0.0016939749999635811
82.50235903730069	0.12647791025079883
82.56461144790867	0.036498164622142226
82.60197342224248	0.0061573827056548925
82.67442552986218	0.12710219530686406
82.7296332953568	0.14210309851826985
82.81446979972849	0.1202209755323765
82.83690118531965	0.020702024881548924
82.89419596305099	0.27302086757262695
83.03818694208917	0.27342517760865725
83.04408455580531	0.01562890798306115
83.13547417515377	0.15024939513854943
83.1735812028486	0.0981173321169554
83.31190338007534	0.08782928862021397
83.4948933246368	0.08515901662285355
83.53184256295543	0.16661727465472084
83.57833119119684	0.659166350068196
83.62403250102182	0.056317740395439415
83.94749121215078	0.11452427455176283
84.07340587081012	0.07221928082360757
84.14089073709809	0.057775424410020544
84.25205850180076	0.0019132977337185276
84.276343465037	0.03641598688184428
84.50011326621632	0.1453567582805846
84.5673864275648	0.018542864098544908
84.59372521800735	0.010301285046849044
84.65824393842968	0.16369396963346028
84.66356242058778	0.0017102922055760256
84.80465209835701	0.007242906165164408
84.89471241755597	0.46565116806441875
84.95361938747374	0.08433115483463217
85.00359227014388	0.08434982024371503
85.00431745213966	0.026890413096894054
85.05046453423816	0.06437389804007088
85.0698023364771	0.054533426131119236
85.11601183737696	0.21635687158070646
85.1591259514337	0.0738013442378942
85.1886887437266	0.028890394263322735
85.2694859427711	0.22837793426022135
85.32133244085517	0.0010005832190968559
85.62720786498251	0.22200657483798542
85.73075933786589	0.0010348151740159199
85.75733643125247	0.2791130700348522
85.8078035830821	0.06368859571029649
85.9589595949983	0.03368545368846915
85.97058848769828	0.009844193299254723
85.99854273149518	0.05973413628815025
86.09050536810813	0.06985194644709294
86.19192578315673	0.38468361998494505
86.22088741696105	0.05117152936482285
86.25672766080348	0.0012184551145843798
86.28095993769297	0.01476278688177734
86.35724831682053	0.05612618925470355
86.35970421833885	0.016374038848311814
86.42099689343958	0.01691310451352562
86.43922198782272	0.013592528274103491
86.52904397795172	0.034556999409192136
86.6832387571313	0.17060546009795333
86.68926771798623	0.019126751095286467
86.70896742381689	0.04474926293783455
86.82127187855545	0.0038815077665505507
86.92767340134289	0.0865762821869485
86.94844817472767	0.0031932485083757474
87.14650847186549	0.0013642550666357358
87.14722651981792	0.09309781904700491
87.15110825377857	0.04032159906272243
87.18387023227571	0.0166470241067161
87.41501929464212	0.055310297858450506
87.51093494745672	0.013941266569006319
87.58195578034757	0.019152765526590315
87.59466248531167	0.1201810586740899
87.63458947948868	0.053983870100530296
87.72631234160855	0.0015928525795816677
87.76730740915976	0.0023036516593953563
87.90860352407016	0.08518317769560849
88.10002970883279	0.006867724776020345
88.23256901495206	0.0712623979817578
88.28965696098055	0.10146791244763233
88.32221260917181	0.14207857239386598
88.32301582083825	0.025011038142656764
88.35982372705733	0.09331444297185178
88.55884910987143	0.1446227632499158
88.56878404944645	0.015101396383175501
88.59754304056737	0.2117240458033943
88.6226143952949	0.21592263424915628
88.73570086988991	0.025934878791867285
88.76626598056778	0.08256602762122414
88.95261441340188	0.0852673886543608
88.98015740738067	0.23702317926205918
89.21826613728119	0.007779356507371583
89.27218613182993	0.03701520943836157
89.43546584201027	0.17875552120314384
89.57862071144042	0.03937818422168276
89.59025180722317	0.09852470021772916
89.69523925551078	0.23908579078150438
89.70499633634486	0.04536560876151725
89.74008867494148	0.239983287785135
89.74468280919079	0.01986794292047289
89.8251047433795	0.013243796099611073
